100 0.010101
0.000000 0.530941
0.010101 0.532090
0.020202 0.532880
0.030303 0.533680
0.040404 0.534860
0.050505 0.536786
0.060606 0.539829
0.070707 0.544356
0.080808 0.550736
0.090909 0.560282
0.101010 0.572404
0.111111 0.585881
0.121212 0.602327
0.131313 0.623357
0.141414 0.650585
0.151515 0.685625
0.161616 0.717087
0.171717 0.753860
0.181818 0.794813
0.191919 0.838814
0.202020 0.884731
0.212121 0.931432
0.222222 0.977786
0.232323 1.022659
0.242424 1.074151
0.252525 1.165011
0.262626 1.254357
0.272727 1.345620
0.282828 1.441795
0.292929 1.551670
0.303030 1.665716
0.313131 1.764800
0.323232 1.834563
0.333333 1.863726
0.343434 1.855853
0.353535 1.845300
0.363636 1.839664
0.373737 1.824799
0.383838 1.788275
0.393939 1.722016
0.404040 1.625012
0.414141 1.510617
0.424242 1.397237
0.434343 1.300753
0.444444 1.209940
0.454545 1.133021
0.464646 1.062008
0.474747 0.993944
0.484848 0.929389
0.494949 0.869109
0.505051 0.816317
0.515152 0.776593
0.525253 0.744994
0.535354 0.719023
0.545455 0.697949
0.555556 0.683610
0.565657 0.675859
0.575758 0.667263
0.585859 0.658538
0.595960 0.650396
0.606061 0.643552
0.616162 0.638720
0.626263 0.636613
0.636364 0.637945
0.646465 0.643430
0.656566 0.653782
0.666667 0.674103
0.676768 0.709444
0.686869 0.754722
0.696970 0.806644
0.707071 0.861912
0.717172 0.917233
0.727273 0.969310
0.737374 1.014849
0.747475 1.089561
0.757576 1.165036
0.767677 1.229569
0.777778 1.275248
0.787879 1.303772
0.797980 1.328690
0.808081 1.349585
0.818182 1.366039
0.828283 1.377634
0.838384 1.385766
0.848485 1.387529
0.858586 1.380493
0.868687 1.362843
0.878788 1.313715
0.888889 1.214709
0.898990 1.112884
0.909091 1.038040
0.919192 0.958216
0.929293 0.882628
0.939394 0.809265
0.949495 0.737546
0.959596 0.672871
0.969697 0.622062
0.979798 0.570968
0.989899 0.525195
1.000000 0.493316
