100 5.666667
25.000000 127.000000
30.666666 127.274704
36.333332 127.463699
42.000000 127.655151
47.666664 127.937225
53.333332 128.398071
59.000000 129.125854
64.666664 130.208725
70.333328 131.734848
76.000000 134.018265
81.666664 136.917770
87.333328 140.141434
93.000000 144.075394
98.666664 149.105728
104.333328 155.618561
110.000000 164.000000
115.666664 171.525543
121.333328 180.321640
127.000000 190.117569
132.666656 200.642548
138.333328 211.625809
144.000000 222.796600
149.666656 233.884171
155.333328 244.617737
161.000000 256.934631
166.666656 278.667969
172.333328 300.039429
178.000000 321.869263
183.666656 344.874084
189.333328 371.155975
195.000000 398.435516
200.666656 422.136261
206.333328 438.823486
212.000000 445.799072
217.666656 443.915863
223.333328 441.391724
229.000000 440.043579
234.666656 436.487976
240.333328 427.751373
246.000000 411.902496
251.666656 388.699188
257.333313 361.336365
263.000000 334.216034
268.666656 311.137299
274.333313 289.414917
280.000000 271.016022
285.666656 254.030029
291.333313 237.749252
297.000000 222.307922
302.666656 207.888916
308.333313 195.261215
314.000000 185.759369
319.666656 178.200989
325.333313 171.988708
331.000000 166.947845
336.666656 163.517960
342.333313 161.663879
348.000000 159.607925
353.666656 157.520844
359.333313 155.573395
365.000000 153.936340
370.666656 152.780426
376.333313 152.276398
382.000000 152.595016
387.666656 153.907059
393.333313 156.383240
399.000000 161.243927
404.666656 169.697357
410.333313 180.527924
416.000000 192.947388
421.666656 206.167511
427.333313 219.400070
433.000000 231.856857
438.666656 242.749634
444.333313 260.620697
450.000000 278.673981
455.666656 294.110229
461.333313 305.036621
467.000000 311.859375
472.666656 317.819733
478.333313 322.817780
484.000000 326.753571
489.666656 329.527130
495.333313 331.472260
501.000000 331.893799
506.666656 330.210876
512.333313 325.989044
518.000000 314.237640
523.666626 290.555634
529.333313 266.199493
535.000000 248.296951
540.666626 229.203201
546.333313 211.122726
552.000000 193.574402
557.666626 176.419266
563.333313 160.949295
569.000000 148.795776
574.666626 136.574341
580.333313 125.625534
586.000000 118.000015
