100 0.010101
0.000000 0.978298
0.010101 0.964581
0.020202 0.947216
0.030303 0.926700
0.040404 0.903529
0.050505 0.878199
0.060606 0.851207
0.070707 0.823048
0.080808 0.794218
0.090909 0.765215
0.101010 0.736533
0.111111 0.708669
0.121212 0.682119
0.131313 0.657380
0.141414 0.634947
0.151515 0.615317
0.161616 0.598986
0.171717 0.588119
0.181818 0.579861
0.191919 0.572354
0.202020 0.565580
0.212121 0.559521
0.222222 0.554159
0.232323 0.549475
0.242424 0.545450
0.252525 0.542066
0.262626 0.539305
0.272727 0.537149
0.282828 0.535578
0.292929 0.534574
0.303030 0.534120
0.313131 0.534195
0.323232 0.534783
0.333333 0.535865
0.343434 0.537421
0.353535 0.539434
0.363636 0.541886
0.373737 0.544757
0.383838 0.548030
0.393939 0.551686
0.404040 0.556281
0.414141 0.563364
0.424242 0.571882
0.434343 0.581735
0.444444 0.592822
0.454545 0.605040
0.464646 0.618289
0.474747 0.632466
0.484848 0.647471
0.494949 0.663201
0.505051 0.679555
0.515152 0.696433
0.525253 0.713731
0.535354 0.731349
0.545455 0.749186
0.555556 0.767138
0.565657 0.785886
0.575758 0.817869
0.585859 0.851317
0.595960 0.886207
0.606061 0.922511
0.616162 0.960203
0.626263 0.999259
0.636364 1.039651
0.646465 1.081354
0.656566 1.124343
0.666667 1.159282
0.676768 1.192623
0.686869 1.227977
0.696970 1.264856
0.707071 1.302770
0.717172 1.341228
0.727273 1.379741
0.737374 1.417820
0.747475 1.454973
0.757576 1.490712
0.767677 1.524546
0.777778 1.555986
0.787879 1.584541
0.797980 1.610350
0.808081 1.637555
0.818182 1.661891
0.828283 1.683548
0.838384 1.702721
0.848485 1.719601
0.858586 1.734381
0.868687 1.747255
0.878788 1.758416
0.888889 1.768054
0.898990 1.776365
0.909091 1.783539
0.919192 1.789237
0.929293 1.790487
0.939394 1.788248
0.949495 1.783481
0.959596 1.777144
0.969697 1.770197
0.979798 1.763599
0.989899 1.758308
1.000000 1.755285
