100 5.666667
15.000000 277.000000
20.666666 273.116028
26.333332 268.199310
32.000000 262.390350
37.666664 255.829636
43.333332 248.657654
49.000000 241.014862
54.666664 233.041763
60.333332 224.878845
66.000000 216.666580
71.666664 208.545456
77.333328 200.655945
83.000000 193.138550
88.666664 186.133759
94.333328 179.782043
100.000000 174.223862
105.666664 169.599747
111.333328 166.522934
117.000000 164.184525
122.666664 162.058990
128.333328 160.141083
134.000000 158.425583
139.666656 156.907288
145.333328 155.580948
151.000000 154.441376
156.666656 153.483322
162.333328 152.701569
168.000000 152.090912
173.666656 151.646118
179.333328 151.361954
185.000000 151.233215
190.666656 151.254684
196.333328 151.421112
202.000000 151.727310
207.666656 152.168045
213.333328 152.738083
219.000000 153.432205
224.666656 154.245209
230.333328 155.171844
236.000000 156.206924
241.666656 157.508209
247.333328 159.513474
253.000000 161.925446
258.666656 164.715347
264.333313 167.854446
270.000000 171.313995
275.666656 175.065262
281.333313 179.079498
287.000000 183.327972
292.666656 187.781937
298.333313 192.412628
304.000000 197.191330
309.666656 202.089294
315.333313 207.077774
321.000000 212.128021
326.666656 217.211288
332.333313 222.519592
338.000000 231.575256
343.666656 241.046127
349.333313 250.924850
355.000000 261.204132
360.666656 271.876587
366.333313 282.934937
372.000000 294.371796
377.666656 306.179871
383.333313 318.351807
389.000000 328.244843
394.666656 337.684937
400.333313 347.695374
406.000000 358.137482
411.666656 368.872528
417.333313 379.761810
423.000000 390.666687
428.666656 401.448364
434.333313 411.968170
440.000000 422.087433
445.666656 431.667419
451.333313 440.569427
457.000000 448.654755
462.666656 455.962189
468.333313 463.665375
474.000000 470.555756
479.666656 476.687958
485.333313 482.116547
491.000000 486.896088
496.666656 491.081177
502.333313 494.726379
508.000000 497.886292
513.666626 500.615479
519.333313 502.968506
525.000000 505.000000
530.666626 506.613159
536.333313 506.967072
542.000000 506.333344
547.666626 504.983551
553.333313 503.189301
559.000000 501.222229
564.666626 499.353912
570.333313 497.855957
576.000000 497.000000
